2
4
20
13 2 36 66 
24 20 42 53 
53 29 97 20 
78 15 74 82 
0 13 77 29 61 9 27 80 71 54 5 15 24 74 51 15 83 94 73 9 
13 0 21 16 55 91 41 56 51 32 95 25 17 36 71 83 54 45 11 90 
77 21 0 77 58 30 52 5 38 1 5 93 45 75 32 49 72 97 13 11 
29 16 77 0 91 2 65 88 18 28 86 95 25 79 61 92 9 76 1 41 
61 55 58 91 0 59 14 33 88 94 42 22 50 68 92 28 11 1 89 51 
9 91 30 2 59 0 62 17 19 22 93 32 28 72 18 21 75 4 90 2 
27 41 52 65 14 62 0 11 5 2 51 76 17 7 87 92 4 97 30 32 
80 56 5 88 33 17 11 0 36 89 57 75 41 53 38 77 16 54 1 95 
71 51 38 18 88 19 5 36 0 87 67 58 48 91 98 95 7 61 64 68 
54 32 1 28 94 22 2 89 87 0 38 84 8 7 3 56 72 96 47 47 
5 95 5 86 42 93 51 57 67 38 0 79 29 42 7 70 100 46 94 13 
15 25 93 95 22 32 76 75 58 84 79 0 50 61 7 84 94 85 76 51 
24 17 45 25 50 28 17 41 48 8 29 50 0 62 86 35 79 4 54 25 
74 36 75 79 68 72 7 53 91 7 42 61 62 0 63 13 16 85 97 87 
51 71 32 61 92 18 87 38 98 3 7 7 86 63 0 34 92 38 85 60 
15 83 49 92 28 21 92 77 95 56 70 84 35 13 34 0 89 19 58 65 
83 54 72 9 11 75 4 16 7 72 100 94 79 16 92 89 0 87 95 43 
94 45 97 76 1 4 97 54 61 96 46 85 4 85 38 19 87 0 13 57 
73 11 13 1 89 90 30 1 64 47 94 76 54 97 85 58 95 13 0 31 
9 90 11 41 51 2 32 95 68 47 13 51 25 87 60 65 43 57 31 0 
