2
17
18
16 93 51 44 68 76 24 67 12 96 61 60 50 41 6 92 79 
11 5 42 99 43 75 73 34 88 72 12 91 2 31 13 68 24 
97 2 31 48 2 76 43 44 25 95 88 74 8 51 31 73 74 
16 87 4 87 6 40 77 76 38 55 27 81 20 58 25 54 99 
22 73 92 10 46 34 48 2 39 82 96 28 13 100 59 11 37 
83 91 32 66 79 39 64 28 67 16 32 5 60 42 28 89 44 
77 73 41 83 37 3 1 78 35 53 74 50 69 52 12 13 98 
55 36 91 5 28 46 39 72 95 12 22 15 90 46 1 68 5 
36 18 43 46 13 43 71 20 45 88 94 64 41 8 37 37 96 
29 64 47 3 72 35 99 55 48 14 72 35 96 16 2 38 62 
9 74 69 23 36 96 86 78 95 76 88 58 35 97 15 17 17 
5 41 14 78 14 66 30 74 64 70 85 8 21 37 62 37 67 
9 80 11 33 75 18 79 3 91 82 44 55 43 92 88 28 34 
15 64 12 16 5 80 16 97 6 98 52 62 40 87 27 12 52 
21 92 29 71 32 13 63 21 29 6 48 8 57 36 62 39 25 
55 26 75 47 80 93 47 20 90 10 25 8 52 28 27 43 79 
94 31 24 61 95 10 96 48 97 96 91 94 44 9 31 38 34 
0 31 48 84 1 99 33 92 29 9 65 42 44 86 91 92 79 17 
31 0 78 85 28 60 8 54 61 99 96 75 60 19 60 86 68 83 
48 78 0 29 77 45 43 17 9 54 34 48 58 3 44 42 48 71 
84 85 29 0 24 4 91 92 9 13 94 33 74 28 91 48 54 51 
1 28 77 24 0 97 80 39 55 67 48 21 94 49 27 70 2 58 
99 60 45 4 97 0 1 3 92 4 8 79 34 82 27 71 8 13 
33 8 43 91 80 1 0 20 35 10 22 96 62 73 65 84 18 15 
92 54 17 92 39 3 20 0 60 45 52 51 78 65 70 77 24 57 
29 61 9 9 55 92 35 60 0 15 88 63 32 29 91 49 29 75 
9 99 54 13 67 4 10 45 15 0 16 15 67 48 11 24 80 80 
65 96 34 94 48 8 22 52 88 16 0 59 97 71 37 72 49 16 
42 75 48 33 21 79 96 51 63 15 59 0 60 31 31 87 90 25 
44 60 58 74 94 34 62 78 32 67 97 60 0 25 75 23 77 97 
86 19 3 28 49 82 73 65 29 48 71 31 25 0 79 19 63 11 
91 60 44 91 27 27 65 70 91 11 37 31 75 79 0 43 42 30 
92 86 42 48 70 71 84 77 49 24 72 87 23 19 43 0 80 89 
79 68 48 54 2 8 18 24 29 80 49 90 77 63 42 80 0 32 
17 83 71 51 58 13 15 57 75 80 16 25 97 11 30 89 32 0 
