2
19
19
4 91 7 25 62 8 14 4 34 64 68 60 98 86 16 71 8 98 61 
6 92 40 82 89 61 48 85 71 96 68 66 50 75 90 90 65 8 18 
58 67 86 32 36 68 19 44 63 73 81 58 1 78 2 30 93 56 11 
53 4 22 77 75 76 68 6 96 60 11 85 36 73 15 52 78 92 96 
72 19 22 80 92 1 37 36 80 61 8 41 33 7 51 100 54 24 24 
76 9 22 15 60 11 16 91 18 64 25 91 42 11 26 70 21 46 24 
3 66 9 86 71 39 19 59 47 37 56 61 60 20 14 29 1 70 21 
82 24 12 82 39 28 36 51 32 44 20 66 44 92 91 79 91 51 64 
54 8 1 87 52 98 9 86 2 5 24 55 80 99 43 64 31 49 63 
37 99 18 73 55 91 62 66 29 25 9 66 33 19 38 95 85 72 16 
74 70 29 58 68 54 11 3 92 43 22 59 87 66 91 43 73 29 78 
60 25 8 97 83 64 13 35 85 47 74 84 63 45 58 30 23 71 92 
22 70 80 32 30 42 92 43 59 47 9 73 13 66 67 84 81 11 46 
45 8 12 32 93 3 23 61 92 73 51 60 95 1 72 36 83 67 71 
35 90 23 46 8 23 75 69 10 4 79 20 7 28 73 90 3 14 9 
6 57 49 13 35 23 77 16 1 27 5 43 28 49 59 49 58 19 96 
88 100 97 42 64 72 11 97 55 52 12 40 83 66 18 67 62 6 62 
63 96 20 69 42 51 56 53 83 6 85 30 10 38 63 79 1 96 64 
21 24 4 75 78 79 57 52 38 89 99 55 46 75 68 3 25 42 45 
0 4 61 91 44 50 65 89 9 41 61 56 19 13 40 15 64 39 33 
4 0 23 87 98 1 82 10 73 54 75 70 10 71 61 38 75 46 61 
61 23 0 63 58 96 38 82 13 32 93 58 42 39 99 47 69 58 73 
91 87 63 0 32 51 15 78 59 100 60 96 60 75 40 34 42 60 32 
44 98 58 32 0 35 91 18 2 8 33 50 22 31 100 74 85 80 87 
50 1 96 51 35 0 33 95 70 91 10 9 40 51 3 55 49 44 99 
65 82 38 15 91 33 0 85 14 100 20 16 67 18 1 8 30 96 25 
89 10 82 78 18 95 85 0 81 69 57 22 6 72 95 71 30 10 65 
9 73 13 59 2 70 14 81 0 6 74 31 18 39 14 24 9 81 51 
41 54 32 100 8 91 100 69 6 0 74 30 34 15 40 36 97 27 84 
61 75 93 60 33 10 20 57 74 74 0 49 35 41 14 42 13 6 37 
56 70 58 96 50 9 16 22 31 30 49 0 16 40 66 95 11 38 61 
19 10 42 60 22 40 67 6 18 34 35 16 0 55 63 58 28 24 70 
13 71 39 75 31 51 18 72 39 15 41 40 55 0 86 26 52 88 66 
40 61 99 40 100 3 1 95 14 40 14 66 63 86 0 44 12 40 34 
15 38 47 34 74 55 8 71 24 36 42 95 58 26 44 0 53 20 24 
64 75 69 42 85 49 30 30 9 97 13 11 28 52 12 53 0 60 23 
39 46 58 60 80 44 96 10 81 27 6 38 24 88 40 20 60 0 10 
33 61 73 32 87 99 25 65 51 84 37 61 70 66 34 24 23 10 0 
