2
2
8
68 5 
67 35 
0 36 10 36 22 72 38 26 
36 0 45 95 14 6 24 76 
10 45 0 41 90 72 83 10 
36 95 41 0 44 54 40 93 
22 14 90 44 0 63 90 47 
72 6 72 54 63 0 82 38 
38 24 83 40 90 82 0 65 
26 76 10 93 47 38 65 0 
