2
19
19
3 63 16 86 100 91 33 95 76 39 31 41 64 94 23 81 46 69 92 
23 83 11 30 70 7 88 60 16 56 70 45 92 30 39 92 31 61 75 
1 43 10 34 19 71 91 37 67 12 43 12 1 39 15 3 16 98 51 
74 83 7 46 80 69 43 51 61 77 27 64 37 9 4 47 71 24 3 
50 52 21 72 97 63 15 56 86 48 32 69 2 79 37 24 56 53 95 
27 5 59 14 5 34 62 67 51 34 47 73 83 74 81 94 28 75 8 
68 67 62 21 60 83 93 3 32 25 38 81 91 86 41 87 100 90 15 
48 11 20 75 50 92 74 49 61 33 60 17 89 62 36 71 84 91 67 
44 56 28 29 14 98 35 11 19 39 20 34 94 5 100 65 93 45 91 
58 83 99 1 3 35 78 42 18 51 78 39 85 6 84 15 40 76 83 
5 69 10 40 89 46 74 2 73 46 65 46 8 91 36 89 64 72 94 
93 4 27 55 1 63 17 20 12 37 26 68 55 67 24 56 62 97 64 
38 77 23 6 40 24 31 15 52 6 42 96 1 84 97 67 70 10 85 
15 74 95 89 32 34 81 17 90 21 57 68 48 97 76 25 48 81 56 
45 51 21 16 93 88 84 63 39 29 32 80 12 66 18 69 69 21 59 
78 42 25 9 65 69 41 11 45 83 90 37 98 8 3 46 10 46 96 
22 10 27 8 66 85 66 12 34 20 5 87 68 31 32 7 43 30 27 
43 16 27 50 43 93 76 52 53 81 95 19 22 11 19 90 12 2 32 
95 54 78 54 58 63 51 49 88 48 85 100 41 19 71 70 30 66 66 
0 7 93 84 69 72 74 18 35 68 8 38 23 95 81 78 86 38 47 
7 0 9 40 26 60 33 31 56 57 72 16 96 68 20 94 94 93 28 
93 9 0 37 68 81 84 88 31 33 76 66 20 89 64 6 64 91 4 
84 40 37 0 45 12 57 52 51 76 76 70 32 61 97 54 41 1 35 
69 26 68 45 0 90 61 64 93 70 30 57 55 74 98 52 60 77 71 
72 60 81 12 90 0 94 27 59 70 85 53 50 58 35 54 37 43 3 
74 33 84 57 61 94 0 12 62 5 55 91 3 1 55 25 54 97 29 
18 31 88 52 64 27 12 0 21 67 3 44 41 35 47 62 81 40 30 
35 56 31 51 93 59 62 21 0 45 93 58 63 30 41 24 47 24 37 
68 57 33 76 70 70 5 67 45 0 80 77 10 92 39 57 66 64 69 
8 72 76 76 30 85 55 3 93 80 0 13 37 8 18 65 71 67 80 
38 16 66 70 57 53 91 44 58 77 13 0 59 4 70 31 52 98 96 
23 96 20 32 55 50 3 41 63 10 37 59 0 98 70 83 81 42 79 
95 68 89 61 74 58 1 35 30 92 8 4 98 0 69 53 75 15 87 
81 20 64 97 98 35 55 47 41 39 18 70 70 69 0 94 95 25 41 
78 94 6 54 52 54 25 62 24 57 65 31 83 53 94 0 44 89 11 
86 94 64 41 60 37 54 81 47 66 71 52 81 75 95 44 0 89 88 
38 93 91 1 77 43 97 40 24 64 67 98 42 15 25 89 89 0 3 
47 28 4 35 71 3 29 30 37 69 80 96 79 87 41 11 88 3 0 
