2
7
15
2 51 34 48 7 33 65 
52 50 22 19 2 77 59 
91 11 94 21 25 2 19 
95 74 57 84 87 92 59 
95 53 84 19 10 70 75 
26 81 76 67 13 78 22 
20 40 77 49 50 50 40 
0 85 41 42 90 46 65 49 57 74 96 7 12 26 69 
85 0 60 32 50 5 47 34 92 32 26 50 16 89 1 
41 60 0 50 24 86 50 8 4 66 32 7 16 77 30 
42 32 50 0 88 34 83 21 100 72 30 83 25 52 65 
90 50 24 88 0 10 68 1 84 100 88 61 87 38 21 
46 5 86 34 10 0 54 29 34 63 100 60 65 52 29 
65 47 50 83 68 54 0 43 5 85 65 8 19 51 62 
49 34 8 21 1 29 43 0 81 68 47 50 53 46 2 
57 92 4 100 84 34 5 81 0 75 78 48 19 100 20 
74 32 66 72 100 63 85 68 75 0 19 85 64 44 54 
96 26 32 30 88 100 65 47 78 19 0 20 33 1 64 
7 50 7 83 61 60 8 50 48 85 20 0 48 4 70 
12 16 16 25 87 65 19 53 19 64 33 48 0 99 83 
26 89 77 52 38 52 51 46 100 44 1 4 99 0 43 
69 1 30 65 21 29 62 2 20 54 64 70 83 43 0 
