2
18
20
3 43 72 92 72 69 69 56 88 60 63 93 58 66 48 16 29 64 
17 53 30 89 51 6 7 100 95 16 3 38 26 92 26 44 83 84 
100 11 10 24 85 56 19 20 6 58 95 51 98 46 26 23 33 45 
79 44 13 33 30 54 82 15 11 18 66 6 81 39 92 23 19 21 
46 60 48 11 10 39 20 27 51 48 7 32 83 30 21 7 50 88 
51 95 85 96 89 35 37 20 59 85 72 62 91 47 51 30 30 24 
42 67 56 16 85 44 58 15 4 96 80 28 86 67 57 55 89 79 
99 45 17 80 52 14 16 90 95 31 30 41 47 19 42 3 11 16 
64 88 25 93 54 22 82 1 37 62 21 64 51 63 17 81 69 21 
1 76 30 2 86 80 51 60 23 70 21 94 68 29 42 75 8 56 
28 57 2 73 31 93 81 18 14 77 53 72 69 18 74 95 77 99 
64 24 16 84 6 90 52 16 1 88 79 41 12 11 49 54 61 37 
79 96 12 93 51 17 6 2 65 3 48 12 54 26 71 72 84 90 
56 55 8 46 60 55 13 24 75 98 56 74 78 14 88 89 15 14 
31 7 45 86 73 65 34 45 82 65 95 48 90 50 72 72 39 59 
78 96 23 51 98 25 8 1 60 9 2 40 82 63 20 83 61 71 
11 75 99 8 74 61 78 37 48 20 96 9 91 29 24 73 62 11 
25 6 15 63 32 82 77 64 19 27 79 42 87 76 20 13 90 28 
0 74 72 11 16 75 14 72 21 35 26 32 45 76 40 31 12 15 34 41 
74 0 98 64 11 22 84 80 18 64 18 42 32 63 33 39 44 12 25 23 
72 98 0 11 6 70 35 60 12 72 63 83 9 71 79 93 75 50 77 77 
11 64 11 0 6 9 13 72 83 26 98 14 66 100 11 61 39 54 67 25 
16 11 6 6 0 23 19 53 12 71 50 8 70 87 66 32 51 41 79 59 
75 22 70 9 23 0 83 59 69 90 53 72 38 4 4 53 53 99 58 63 
14 84 35 13 19 83 0 56 84 44 63 66 92 87 99 86 59 36 36 68 
72 80 60 72 53 59 56 0 89 42 6 70 7 45 67 49 22 28 73 78 
21 18 12 83 12 69 84 89 0 18 69 14 84 43 96 29 41 76 17 5 
35 64 72 26 71 90 44 42 18 0 90 19 52 51 82 82 28 42 71 27 
26 18 63 98 50 53 63 6 69 90 0 74 19 39 32 44 94 22 64 11 
32 42 83 14 8 72 66 70 14 19 74 0 99 45 47 80 61 31 12 19 
45 32 9 66 70 38 92 7 84 52 19 99 0 1 88 22 42 68 82 3 
76 63 71 100 87 4 87 45 43 51 39 45 1 0 16 34 60 25 55 94 
40 33 79 11 66 4 99 67 96 82 32 47 88 16 0 18 34 5 57 35 
31 39 93 61 32 53 86 49 29 82 44 80 22 34 18 0 97 69 81 60 
12 44 75 39 51 53 59 22 41 28 94 61 42 60 34 97 0 60 16 7 
15 12 50 54 41 99 36 28 76 42 22 31 68 25 5 69 60 0 37 32 
34 25 77 67 79 58 36 73 17 71 64 12 82 55 57 81 16 37 0 90 
41 23 77 25 59 63 68 78 5 27 11 19 3 94 35 60 7 32 90 0 
