2
10
12
41 24 50 89 24 78 73 87 44 62 
65 41 87 70 14 25 7 13 26 75 
56 21 6 12 59 8 89 31 5 62 
45 34 63 24 47 19 27 55 50 28 
86 89 59 82 80 19 36 67 23 31 
91 72 73 80 30 3 60 82 62 89 
89 26 17 18 23 11 12 96 94 46 
78 85 27 42 11 53 95 58 91 6 
83 80 48 29 55 76 59 4 64 26 
92 11 65 79 52 91 56 15 87 92 
0 49 24 69 67 97 37 96 15 57 86 89 
49 0 31 49 100 61 11 100 44 49 58 91 
24 31 0 53 76 54 41 91 76 50 42 71 
69 49 53 0 86 94 53 67 49 57 46 42 
67 100 76 86 0 73 17 80 15 26 45 40 
97 61 54 94 73 0 44 97 65 90 47 19 
37 11 41 53 17 44 0 86 100 24 31 93 
96 100 91 67 80 97 86 0 46 32 98 59 
15 44 76 49 15 65 100 46 0 36 89 1 
57 49 50 57 26 90 24 32 36 0 11 8 
86 58 42 46 45 47 31 98 89 11 0 53 
89 91 71 42 40 19 93 59 1 8 53 0 
