2
13
15
34 29 74 8 77 69 30 50 35 95 40 23 41 
68 31 47 23 21 47 24 67 84 56 62 90 10 
85 63 40 94 39 97 7 29 53 33 33 32 58 
93 35 90 73 66 71 53 48 92 50 40 78 59 
97 51 34 98 50 95 46 41 62 47 35 12 17 
9 82 20 34 69 26 24 76 59 79 79 82 17 
15 88 62 28 52 82 1 19 3 85 87 36 50 
91 34 90 47 31 53 97 79 63 73 63 85 20 
92 61 65 41 54 31 39 10 11 40 58 70 49 
29 96 24 37 56 98 90 27 100 77 80 98 34 
56 59 75 47 39 14 77 95 65 96 73 50 12 
100 17 22 4 53 58 55 80 42 34 51 77 26 
73 77 62 85 36 84 58 70 73 37 55 94 1 
0 53 25 19 29 4 81 41 98 51 9 96 4 52 43 
53 0 17 6 43 88 98 24 11 61 24 72 74 96 59 
25 17 0 76 7 9 54 60 83 58 94 62 87 82 34 
19 6 76 0 97 45 5 68 68 70 7 85 80 62 71 
29 43 7 97 0 39 67 52 10 59 67 34 44 36 81 
4 88 9 45 39 0 18 5 35 87 33 12 96 50 73 
81 98 54 5 67 18 0 100 98 52 78 81 27 41 34 
41 24 60 68 52 5 100 0 28 16 80 15 61 89 13 
98 11 83 68 10 35 98 28 0 93 29 80 8 17 66 
51 61 58 70 59 87 52 16 93 0 69 79 32 43 68 
9 24 94 7 67 33 78 80 29 69 0 42 6 58 61 
96 72 62 85 34 12 81 15 80 79 42 0 50 20 83 
4 74 87 80 44 96 27 61 8 32 6 50 0 1 33 
52 96 82 62 36 50 41 89 17 43 58 20 1 0 30 
43 59 34 71 81 73 34 13 66 68 61 83 33 30 0 
