2
15
18
44 22 57 72 29 35 75 100 92 50 36 17 82 93 36 
48 69 21 63 47 14 82 84 4 81 12 81 96 25 38 
20 20 64 27 75 4 61 56 41 94 22 50 9 53 9 
38 86 62 14 89 74 11 56 38 48 73 98 47 90 66 
15 49 78 8 30 18 73 84 53 40 78 11 59 39 66 
24 78 81 35 88 21 9 35 8 88 26 80 49 27 52 
85 75 70 70 14 62 12 53 26 61 50 99 96 92 28 
92 47 72 17 9 60 51 81 55 67 73 63 99 41 17 
75 29 52 25 93 50 90 93 58 22 5 20 11 41 41 
100 72 29 25 18 96 66 11 48 55 88 36 55 40 98 
36 9 53 37 24 21 40 94 3 21 44 89 12 94 28 
22 100 40 70 84 9 79 54 54 50 38 5 56 72 8 
94 8 96 59 78 14 14 4 42 56 81 47 78 95 21 
11 34 50 70 96 46 76 76 88 81 18 61 16 16 66 
12 89 79 21 97 40 40 7 33 20 64 77 2 42 96 
0 74 9 85 1 37 56 35 15 47 94 86 10 86 23 70 52 90 
74 0 27 25 52 94 99 76 21 78 3 58 34 73 52 23 13 67 
9 27 0 12 19 25 92 19 74 9 97 61 51 3 80 68 21 14 
85 25 12 0 88 6 78 14 100 89 90 55 21 7 2 54 48 99 
1 52 19 88 0 82 50 64 8 70 50 19 30 65 49 17 7 71 
37 94 25 6 82 0 8 13 74 94 20 49 9 63 100 43 58 61 
56 99 92 78 50 8 0 79 17 89 39 51 84 22 42 17 2 28 
35 76 19 14 64 13 79 0 3 30 46 9 74 25 91 56 68 33 
15 21 74 100 8 74 17 3 0 24 56 86 51 79 84 98 9 30 
47 78 9 89 70 94 89 30 24 0 6 34 82 41 17 85 21 20 
94 3 97 90 50 20 39 46 56 6 0 71 33 21 83 3 65 4 
86 58 61 55 19 49 51 9 86 34 71 0 37 7 29 10 21 39 
10 34 51 21 30 9 84 74 51 82 33 37 0 97 60 81 79 56 
86 73 3 7 65 63 22 25 79 41 21 7 97 0 42 19 72 66 
23 52 80 2 49 100 42 91 84 17 83 29 60 42 0 39 43 90 
70 23 68 54 17 43 17 56 98 85 3 10 81 19 39 0 17 73 
52 13 21 48 7 58 2 68 9 21 65 21 79 72 43 17 0 74 
90 67 14 99 71 61 28 33 30 20 4 39 56 66 90 73 74 0 
