2
8
17
46 93 100 70 42 36 100 98 
77 81 92 61 29 96 25 57 
81 64 8 28 60 17 66 76 
95 55 95 53 79 72 41 6 
40 45 86 51 47 29 51 36 
89 18 73 77 93 72 33 68 
27 88 40 36 54 54 56 10 
41 30 17 14 58 36 40 6 
0 42 75 91 70 19 6 66 35 48 13 13 67 98 64 85 34 
42 0 44 78 28 67 29 65 49 66 15 51 19 88 93 39 54 
75 44 0 98 16 21 100 77 68 91 88 72 59 46 54 39 60 
91 78 98 0 29 29 67 35 95 58 50 59 82 32 69 98 37 
70 28 16 29 0 99 2 76 41 29 34 93 4 75 49 59 49 
19 67 21 29 99 0 63 53 38 66 80 43 62 60 86 41 68 
6 29 100 67 2 63 0 30 82 24 85 43 4 44 37 77 68 
66 65 77 35 76 53 30 0 74 80 42 37 54 40 15 43 48 
35 49 68 95 41 38 82 74 0 91 54 46 73 18 54 3 54 
48 66 91 58 29 66 24 80 91 0 23 52 37 73 69 12 20 
13 15 88 50 34 80 85 42 54 23 0 76 14 74 38 10 57 
13 51 72 59 93 43 43 37 46 52 76 0 68 18 32 99 38 
67 19 59 82 4 62 4 54 73 37 14 68 0 39 75 44 45 
98 88 46 32 75 60 44 40 18 73 74 18 39 0 2 15 38 
64 93 54 69 49 86 37 15 54 69 38 32 75 2 0 18 71 
85 39 39 98 59 41 77 43 3 12 10 99 44 15 18 0 92 
34 54 60 37 49 68 68 48 54 20 57 38 45 38 71 92 0 
