2
2
14
63 70 
73 100 
0 25 24 90 67 41 67 41 29 57 16 54 2 19 
25 0 72 1 41 47 100 97 95 17 83 50 79 91 
24 72 0 64 31 10 79 94 55 62 57 97 59 63 
90 1 64 0 36 90 61 63 98 43 16 70 73 5 
67 41 31 36 0 70 33 40 97 35 68 39 23 27 
41 47 10 90 70 0 46 21 3 60 14 81 47 85 
67 100 79 61 33 46 0 76 63 75 14 87 41 19 
41 97 94 63 40 21 76 0 62 75 75 37 5 36 
29 95 55 98 97 3 63 62 0 94 50 45 89 63 
57 17 62 43 35 60 75 75 94 0 52 32 86 15 
16 83 57 16 68 14 14 75 50 52 0 100 51 67 
54 50 97 70 39 81 87 37 45 32 100 0 83 58 
2 79 59 73 23 47 41 5 89 86 51 83 0 79 
19 91 63 5 27 85 19 36 63 15 67 58 79 0 
