2
3
8
96 37 96 
3 12 69 
26 82 38 
0 4 70 29 77 84 49 94 
4 0 57 5 23 82 22 6 
70 57 0 31 45 94 17 61 
29 5 31 0 77 27 35 53 
77 23 45 77 0 80 83 32 
84 82 94 27 80 0 19 96 
49 22 17 35 83 19 0 69 
94 6 61 53 32 96 69 0 
