2
20
20
18 60 14 13 71 84 5 91 10 95 80 87 76 42 12 96 38 92 20 34 
72 52 72 60 89 35 79 20 42 64 65 81 97 55 83 89 38 71 9 4 
19 67 47 33 79 68 9 53 1 44 34 62 39 33 53 20 73 75 90 92 
7 10 97 24 51 70 70 99 97 29 30 34 56 47 20 84 50 93 97 65 
52 55 54 3 74 86 84 32 76 24 17 89 92 83 60 41 59 48 92 16 
14 93 23 60 47 63 81 92 30 47 13 83 74 82 91 43 64 43 15 3 
29 40 32 34 90 76 16 73 19 29 23 63 39 14 86 92 31 82 60 5 
76 8 20 82 33 72 17 40 66 8 38 30 11 21 59 42 83 50 56 6 
90 13 83 25 45 40 60 22 31 30 10 72 65 6 10 39 13 43 30 97 
77 22 29 24 76 2 24 43 49 98 75 77 30 11 48 15 82 93 51 22 
49 62 90 49 74 2 64 1 64 31 99 61 80 10 96 38 59 75 41 12 
83 31 75 4 64 71 88 11 26 74 64 90 16 78 60 1 78 81 88 4 
92 78 26 12 38 43 30 11 28 100 95 10 67 88 52 32 27 30 3 89 
53 50 4 71 17 71 94 31 29 37 95 30 39 95 2 78 7 49 42 90 
75 45 90 40 84 45 27 72 80 16 38 79 78 21 25 28 51 19 74 1 
91 74 23 72 16 53 39 68 45 2 93 11 45 93 68 89 82 19 15 25 
2 76 50 20 1 75 37 94 48 1 67 60 49 12 31 81 97 87 75 75 
70 18 40 62 18 33 11 58 36 62 84 5 95 14 93 93 73 28 49 84 
1 87 57 16 25 55 38 38 12 89 43 47 70 26 58 88 76 7 96 15 
18 32 29 94 99 3 78 28 78 87 25 85 39 10 87 40 28 30 19 98 
0 1 13 47 5 58 19 99 30 54 73 37 47 15 68 26 84 62 63 79 
1 0 53 91 7 16 36 49 44 70 39 27 87 20 21 21 30 73 75 100 
13 53 0 92 83 85 63 41 46 70 80 69 6 28 52 31 25 91 40 85 
47 91 92 0 15 6 73 30 87 56 60 66 12 40 3 19 39 75 48 37 
5 7 83 15 0 94 48 7 72 6 79 62 13 90 54 93 40 88 70 12 
58 16 85 6 94 0 21 56 31 72 63 46 45 43 89 5 69 17 42 84 
19 36 63 73 48 21 0 91 84 67 5 44 10 100 34 31 88 97 57 78 
99 49 41 30 7 56 91 0 82 69 20 61 56 95 3 66 99 18 77 15 
30 44 46 87 72 31 84 82 0 85 96 32 91 57 58 49 30 42 15 52 
54 70 70 56 6 72 67 69 85 0 41 47 31 83 14 76 98 27 73 47 
73 39 80 60 79 63 5 20 96 41 0 44 72 39 20 73 46 7 53 6 
37 27 69 66 62 46 44 61 32 47 44 0 2 51 14 23 100 10 5 48 
47 87 6 12 13 45 10 56 91 31 72 2 0 6 14 98 43 16 70 2 
15 20 28 40 90 43 100 95 57 83 39 51 6 0 8 69 22 48 12 5 
68 21 52 3 54 89 34 3 58 14 20 14 14 8 0 2 65 56 66 37 
26 21 31 19 93 5 31 66 49 76 73 23 98 69 2 0 7 14 33 60 
84 30 25 39 40 69 88 99 30 98 46 100 43 22 65 7 0 73 18 44 
62 73 91 75 88 17 97 18 42 27 7 10 16 48 56 14 73 0 19 45 
63 75 40 48 70 42 57 77 15 73 53 5 70 12 66 33 18 19 0 54 
79 100 85 37 12 84 78 15 52 47 6 48 2 5 37 60 44 45 54 0 
