2
20
20
36 14 39 37 80 63 61 39 88 55 94 96 13 32 78 25 32 44 30 63 
92 26 27 35 96 53 88 86 100 56 63 44 93 54 90 75 20 95 79 58 
49 83 12 70 74 50 99 27 76 90 60 64 75 65 20 2 91 9 23 72 
9 53 73 25 63 33 67 69 78 53 69 14 60 45 34 84 14 38 52 37 
19 80 21 86 96 65 33 50 48 56 59 92 48 37 20 36 96 57 62 4 
41 23 82 92 83 36 71 60 22 54 80 10 5 59 3 40 50 58 26 67 
1 72 2 88 86 99 40 3 92 86 53 82 60 66 47 59 69 33 48 99 
52 82 37 92 76 50 57 74 77 27 38 49 44 72 18 72 81 47 95 18 
50 78 48 82 75 14 78 45 41 39 17 9 14 46 21 85 86 83 63 15 
21 4 14 78 56 85 39 80 61 99 65 51 37 36 19 29 34 48 78 49 
78 58 49 56 4 76 23 42 95 5 63 20 7 74 2 29 95 85 9 55 
90 70 49 31 42 63 60 78 87 1 8 59 62 5 54 51 77 69 3 41 
49 91 54 11 93 14 27 77 57 76 30 55 76 84 4 26 7 28 19 20 
77 69 67 78 75 64 93 51 17 27 41 90 96 80 73 19 87 72 31 45 
49 48 62 1 84 23 89 20 38 99 95 80 72 53 51 90 85 43 29 70 
10 61 96 6 92 69 18 87 23 61 97 45 15 82 38 82 51 84 14 60 
20 72 72 87 91 97 20 78 3 47 3 52 44 8 98 73 29 3 8 2 
56 12 91 50 23 54 22 2 55 83 49 63 85 75 64 8 53 31 79 49 
31 60 66 47 64 35 100 43 46 69 72 60 5 66 71 92 49 39 38 61 
16 7 95 52 47 8 24 62 12 13 5 46 90 97 7 7 27 99 15 93 
0 100 85 93 99 51 4 16 11 82 2 79 60 85 17 8 52 25 79 33 
100 0 62 86 29 89 100 44 78 30 31 53 33 30 61 52 6 51 17 65 
85 62 0 58 5 81 69 8 15 96 45 73 44 27 46 95 17 24 79 23 
93 86 58 0 36 11 56 50 9 69 43 29 18 44 100 37 57 11 56 29 
99 29 5 36 0 71 30 11 88 30 71 53 50 4 95 32 76 5 4 68 
51 89 81 11 71 0 31 47 54 48 27 8 74 23 67 63 100 13 45 54 
4 100 69 56 30 31 0 77 44 6 91 2 92 40 90 4 59 48 54 79 
16 44 8 50 11 47 77 0 4 58 55 89 47 37 56 49 82 77 37 30 
11 78 15 9 88 54 44 4 0 88 60 35 33 70 21 92 83 77 21 17 
82 30 96 69 30 48 6 58 88 0 80 5 49 55 20 39 83 54 90 13 
2 31 45 43 71 27 91 55 60 80 0 85 86 22 46 92 19 18 32 73 
79 53 73 29 53 8 2 89 35 5 85 0 57 21 74 14 33 56 72 54 
60 33 44 18 50 74 92 47 33 49 86 57 0 18 58 31 49 26 21 47 
85 30 27 44 4 23 40 37 70 55 22 21 18 0 65 79 57 18 18 98 
17 61 46 100 95 67 90 56 21 20 46 74 58 65 0 39 29 60 38 58 
8 52 95 37 32 63 4 49 92 39 92 14 31 79 39 0 55 58 5 90 
52 6 17 57 76 100 59 82 83 83 19 33 49 57 29 55 0 14 68 51 
25 51 24 11 5 13 48 77 77 54 18 56 26 18 60 58 14 0 7 24 
79 17 79 56 4 45 54 37 21 90 32 72 21 18 38 5 68 7 0 3 
33 65 23 29 68 54 79 30 17 13 73 54 47 98 58 90 51 24 3 0 
