2
5
7
92 96 36 79 40 
99 80 59 4 22 
76 85 77 79 8 
70 2 35 56 57 
91 89 29 8 88 
0 16 20 70 58 67 98 
16 0 42 38 50 57 56 
20 42 0 99 24 40 11 
70 38 99 0 55 30 98 
58 50 24 55 0 8 50 
67 57 40 30 8 0 76 
98 56 11 98 50 76 0 
