2
16
19
50 62 85 90 31 33 86 95 54 21 26 18 64 6 65 22 
12 15 5 3 93 15 44 37 5 85 43 26 77 25 51 43 
65 88 62 3 45 35 48 45 36 39 62 20 91 9 10 70 
69 61 80 25 86 19 63 81 80 81 95 45 21 48 86 72 
87 35 45 93 20 97 51 2 2 62 33 46 85 71 18 53 
49 69 88 9 56 10 25 18 42 9 38 68 64 28 66 2 
92 30 45 45 44 38 89 24 92 1 25 12 98 76 74 60 
21 65 51 28 18 27 76 7 76 9 92 65 38 71 36 53 
60 28 19 40 4 88 65 96 79 38 1 56 55 84 80 58 
17 71 27 2 84 48 12 44 43 45 27 28 42 81 67 70 
13 5 31 57 77 74 33 93 24 74 23 40 21 58 18 94 
91 44 85 47 41 24 60 27 20 33 37 78 44 78 42 46 
2 1 36 2 63 46 76 12 78 73 25 49 76 21 86 1 
11 16 57 27 58 96 23 28 78 62 49 81 8 67 30 94 
4 24 72 84 50 13 52 78 1 61 63 11 65 83 29 72 
59 18 56 49 83 90 29 80 43 21 46 10 13 18 33 86 
0 82 72 52 8 16 93 79 47 81 50 39 96 34 75 58 76 33 31 
82 0 88 94 2 98 25 46 97 87 94 42 21 72 37 24 52 26 77 
72 88 0 55 66 64 37 47 49 8 100 59 25 34 74 63 100 90 38 
52 94 55 0 22 11 91 84 5 7 96 41 66 62 84 20 9 53 75 
8 2 66 22 0 28 48 79 19 3 1 65 7 6 93 14 4 5 14 
16 98 64 11 28 0 54 8 10 92 8 92 2 90 42 61 79 7 72 
93 25 37 91 48 54 0 34 11 80 4 48 86 41 63 86 13 5 67 
79 46 47 84 79 8 34 0 1 98 3 33 19 58 57 41 85 17 32 
47 97 49 5 19 10 11 1 0 30 47 42 59 69 5 65 98 56 47 
81 87 8 7 3 92 80 98 30 0 23 49 26 47 20 31 67 48 85 
50 94 100 96 1 8 4 3 47 23 0 48 85 63 99 39 94 28 30 
39 42 59 41 65 92 48 33 42 49 48 0 64 71 51 10 60 3 27 
96 21 25 66 7 2 86 19 59 26 85 64 0 91 26 90 89 74 91 
34 72 34 62 6 90 41 58 69 47 63 71 91 0 68 39 57 27 29 
75 37 74 84 93 42 63 57 5 20 99 51 26 68 0 81 80 83 59 
58 24 63 20 14 61 86 41 65 31 39 10 90 39 81 0 67 48 48 
76 52 100 9 4 79 13 85 98 67 94 60 89 57 80 67 0 65 5 
33 26 90 53 5 7 5 17 56 48 28 3 74 27 83 48 65 0 57 
31 77 38 75 14 72 67 32 47 85 30 27 91 29 59 48 5 57 0 
