2
16
19
98 79 59 33 87 89 89 39 20 81 61 83 80 13 60 63 
58 99 58 38 68 15 79 49 66 94 22 41 7 78 84 58 
89 71 81 32 97 51 54 66 87 45 50 7 4 12 24 72 
54 83 67 2 64 24 81 68 54 95 99 22 76 9 57 21 
59 13 23 92 64 29 59 81 6 38 75 58 31 60 49 43 
41 78 44 72 10 7 75 31 88 48 1 33 35 12 72 97 
68 63 37 98 85 34 92 48 12 61 16 100 88 11 92 14 
83 2 58 2 60 42 44 75 71 69 100 29 48 1 81 77 
33 67 3 56 92 45 86 55 99 6 42 34 59 1 49 6 
87 41 72 41 43 6 90 57 56 8 17 24 60 68 47 61 
80 91 41 23 23 73 87 7 100 73 51 59 22 92 67 57 
76 78 97 50 40 55 22 77 56 67 73 12 76 9 8 100 
42 77 32 25 59 27 91 14 93 7 66 71 89 31 11 39 
82 19 95 83 96 84 12 82 87 8 32 6 33 67 98 91 
84 38 55 69 76 75 25 54 96 3 46 90 31 90 85 96 
6 55 88 37 72 77 84 74 2 76 80 11 57 90 74 63 
0 22 59 38 85 70 35 8 82 33 59 82 60 29 90 40 89 85 95 
22 0 18 61 15 11 59 45 18 10 24 19 39 68 25 20 34 67 97 
59 18 0 93 81 39 46 76 38 41 63 37 17 67 42 13 6 48 14 
38 61 93 0 59 18 28 24 88 88 99 88 51 80 58 56 26 73 49 
85 15 81 59 0 78 67 45 82 5 17 5 64 37 83 54 73 2 62 
70 11 39 18 78 0 37 81 98 22 13 40 31 67 94 39 8 63 26 
35 59 46 28 67 37 0 66 23 8 36 62 31 94 89 82 29 51 67 
8 45 76 24 45 81 66 0 40 57 19 43 20 26 45 8 61 93 15 
82 18 38 88 82 98 23 40 0 48 14 75 13 39 14 52 54 51 83 
33 10 41 88 5 22 8 57 48 0 17 39 4 19 91 90 85 54 52 
59 24 63 99 17 13 36 19 14 17 0 39 24 7 30 74 62 19 93 
82 19 37 88 5 40 62 43 75 39 39 0 32 30 92 80 8 20 73 
60 39 17 51 64 31 31 20 13 4 24 32 0 25 34 54 76 69 76 
29 68 67 80 37 67 94 26 39 19 7 30 25 0 27 96 62 2 69 
90 25 42 58 83 94 89 45 14 91 30 92 34 27 0 77 9 27 87 
40 20 13 56 54 39 82 8 52 90 74 80 54 96 77 0 76 77 97 
89 34 6 26 73 8 29 61 54 85 62 8 76 62 9 76 0 56 6 
85 67 48 73 2 63 51 93 51 54 19 20 69 2 27 77 56 0 25 
95 97 14 49 62 26 67 15 83 52 93 73 76 69 87 97 6 25 0 
