2
2
12
71 2 
47 86 
0 99 20 45 64 84 69 86 72 90 59 18 
99 0 14 5 52 77 29 4 44 1 22 99 
20 14 0 41 85 20 17 17 66 74 11 2 
45 5 41 0 58 16 39 89 15 9 6 1 
64 52 85 58 0 10 50 26 30 99 43 82 
84 77 20 16 10 0 91 48 90 74 76 61 
69 29 17 39 50 91 0 50 41 63 18 61 
86 4 17 89 26 48 50 0 53 76 27 97 
72 44 66 15 30 90 41 53 0 10 33 74 
90 1 74 9 99 74 63 76 10 0 39 83 
59 22 11 6 43 76 18 27 33 39 0 38 
18 99 2 1 82 61 61 97 74 83 38 0 
