2
17
19
92 31 43 69 89 48 86 30 72 88 80 3 39 66 30 14 93 
58 3 93 93 5 100 49 90 55 13 32 23 67 58 34 73 16 
10 59 95 60 64 41 49 34 72 88 16 4 18 87 60 75 72 
34 80 28 16 84 56 75 95 46 70 62 80 80 81 24 5 6 
89 54 54 7 33 86 41 77 50 5 76 88 25 5 65 73 5 
21 69 31 95 43 13 42 48 7 44 80 40 2 55 62 3 69 
21 43 56 22 16 77 44 50 72 58 36 43 88 65 1 38 74 
48 32 96 11 59 55 72 52 30 61 73 32 64 30 3 77 58 
49 17 12 2 24 32 6 68 72 56 49 56 37 61 77 69 81 
36 62 97 49 15 43 18 61 31 82 87 41 5 100 75 79 29 
51 66 47 22 98 40 61 6 86 79 47 12 83 68 76 51 62 
33 52 51 3 17 52 13 33 2 24 55 9 94 64 97 67 10 
17 92 18 67 66 22 23 92 100 7 6 45 20 49 47 97 59 
23 55 9 39 57 88 79 7 92 23 77 53 26 45 74 64 60 
2 19 78 81 32 13 11 28 33 79 93 25 5 76 25 5 3 
35 32 4 75 91 2 43 46 11 70 14 34 86 95 7 30 90 
1 47 39 15 91 77 44 87 57 98 46 81 2 90 29 21 70 
0 8 95 76 99 4 76 91 62 70 6 81 93 74 14 42 53 91 29 
8 0 10 19 56 59 68 97 35 51 46 79 35 86 91 83 83 60 30 
95 10 0 10 30 3 83 58 24 25 5 79 99 90 81 54 47 79 39 
76 19 10 0 59 54 73 81 37 95 21 87 77 64 11 78 63 26 48 
99 56 30 59 0 78 54 35 82 24 28 97 1 76 35 4 65 90 42 
4 59 3 54 78 0 7 31 53 14 21 5 44 58 9 18 33 76 32 
76 68 83 73 54 7 0 97 55 74 6 15 20 57 27 41 33 32 27 
91 97 58 81 35 31 97 0 68 32 33 4 2 60 50 65 71 28 31 
62 35 24 37 82 53 55 68 0 44 100 9 47 68 19 48 82 63 66 
70 51 25 95 24 14 74 32 44 0 11 87 24 56 65 56 99 96 79 
6 46 5 21 28 21 6 33 100 11 0 93 78 18 62 42 86 39 93 
81 79 79 87 97 5 15 4 9 87 93 0 45 37 70 95 84 74 64 
93 35 99 77 1 44 20 2 47 24 78 45 0 65 97 48 54 92 67 
74 86 90 64 76 58 57 60 68 56 18 37 65 0 66 76 14 85 17 
14 91 81 11 35 9 27 50 19 65 62 70 97 66 0 87 47 19 84 
42 83 54 78 4 18 41 65 48 56 42 95 48 76 87 0 64 31 53 
53 83 47 63 65 33 33 71 82 99 86 84 54 14 47 64 0 72 47 
91 60 79 26 90 76 32 28 63 96 39 74 92 85 19 31 72 0 26 
29 30 39 48 42 32 27 31 66 79 93 64 67 17 84 53 47 26 0 
