2
14
20
44 79 50 11 21 22 50 94 98 74 26 80 86 51 
43 44 79 8 63 1 28 15 68 75 82 83 72 55 
42 92 45 27 52 48 85 23 45 50 19 43 95 89 
86 49 30 71 66 84 95 64 39 57 33 22 65 69 
79 30 29 48 99 21 33 5 79 18 94 83 89 56 
2 80 75 16 15 16 68 74 35 81 73 54 17 20 
61 29 55 10 45 5 75 79 97 74 68 59 77 100 
90 55 78 84 7 16 52 59 28 63 67 97 25 32 
89 29 40 72 18 7 5 28 96 81 58 66 80 10 
48 3 36 63 93 3 84 83 86 12 19 24 17 28 
66 56 11 47 87 61 54 49 96 45 67 79 58 41 
42 70 63 25 90 36 1 55 78 32 35 63 54 58 
58 89 21 13 66 4 100 26 78 60 14 71 12 64 
95 27 27 77 11 8 17 23 69 34 66 88 56 76 
0 10 30 61 41 14 1 50 43 51 82 95 96 76 60 64 49 88 22 78 
10 0 65 18 15 38 46 61 75 61 83 83 76 67 9 1 33 92 36 6 
30 65 0 87 31 43 55 30 73 27 27 36 35 3 98 9 91 88 5 82 
61 18 87 0 66 5 91 45 62 96 30 46 24 8 25 64 65 64 1 85 
41 15 31 66 0 78 32 65 84 67 25 36 16 72 9 69 58 34 46 40 
14 38 43 5 78 0 7 66 29 58 52 48 5 44 53 86 73 40 15 26 
1 46 55 91 32 7 0 32 1 33 29 94 13 94 36 100 49 99 7 41 
50 61 30 45 65 66 32 0 5 42 8 8 36 32 51 5 58 61 68 43 
43 75 73 62 84 29 1 5 0 93 19 56 39 43 96 44 98 25 43 84 
51 61 27 96 67 58 33 42 93 0 96 9 1 32 72 34 28 94 76 88 
82 83 27 30 25 52 29 8 19 96 0 39 94 40 82 87 62 56 52 38 
95 83 36 46 36 48 94 8 56 9 39 0 6 52 51 54 62 20 9 11 
96 76 35 24 16 5 13 36 39 1 94 6 0 67 88 19 20 34 29 75 
76 67 3 8 72 44 94 32 43 32 40 52 67 0 70 55 30 15 80 67 
60 9 98 25 9 53 36 51 96 72 82 51 88 70 0 56 21 63 23 68 
64 1 9 64 69 86 100 5 44 34 87 54 19 55 56 0 40 18 71 2 
49 33 91 65 58 73 49 58 98 28 62 62 20 30 21 40 0 64 55 22 
88 92 88 64 34 40 99 61 25 94 56 20 34 15 63 18 64 0 70 69 
22 36 5 1 46 15 7 68 43 76 52 9 29 80 23 71 55 70 0 26 
78 6 82 85 40 26 41 43 84 88 38 11 75 67 68 2 22 69 26 0 
