2
8
10
46 50 64 72 58 32 21 41 
86 98 63 20 34 25 17 57 
26 77 7 56 32 29 18 64 
88 52 45 3 50 41 24 70 
24 66 83 14 10 42 81 32 
37 66 91 80 61 73 58 7 
89 76 38 85 87 29 20 60 
47 13 17 1 46 81 10 7 
0 20 20 83 91 44 22 45 40 97 
20 0 80 5 69 12 40 79 4 63 
20 80 0 81 41 20 43 91 47 44 
83 5 81 0 31 81 78 29 68 77 
91 69 41 31 0 3 13 14 16 11 
44 12 20 81 3 0 2 71 7 77 
22 40 43 78 13 2 0 11 32 16 
45 79 91 29 14 71 11 0 19 10 
40 4 47 68 16 7 32 19 0 80 
97 63 44 77 11 77 16 10 80 0 
