2
12
14
80 24 20 2 50 69 62 69 79 55 15 31 
43 55 100 6 54 86 1 92 22 28 50 70 
96 90 34 73 74 3 4 65 60 84 93 74 
100 87 49 73 34 89 22 52 64 23 45 35 
35 43 74 8 75 100 55 27 15 24 27 10 
52 74 83 8 53 69 40 74 60 92 82 64 
13 86 68 86 44 4 14 31 70 1 90 6 
61 47 78 53 27 34 29 41 22 1 62 48 
23 30 8 40 18 68 6 32 90 23 95 43 
96 70 6 25 64 80 63 56 41 97 10 36 
14 25 31 44 34 15 1 4 88 20 87 41 
60 85 78 82 88 54 48 7 38 98 57 19 
0 13 85 16 70 91 84 44 47 45 25 81 5 98 
13 0 41 25 43 89 3 10 88 25 82 71 49 8 
85 41 0 59 75 83 68 51 80 97 37 61 87 53 
16 25 59 0 48 20 16 83 69 73 94 47 100 28 
70 43 75 48 0 78 94 9 58 67 34 87 28 1 
91 89 83 20 78 0 56 34 37 24 79 42 70 50 
84 3 68 16 94 56 0 96 54 50 45 89 86 65 
44 10 51 83 9 34 96 0 71 22 25 99 89 4 
47 88 80 69 58 37 54 71 0 56 96 69 54 6 
45 25 97 73 67 24 50 22 56 0 94 37 52 33 
25 82 37 94 34 79 45 25 96 94 0 21 57 13 
81 71 61 47 87 42 89 99 69 37 21 0 71 17 
5 49 87 100 28 70 86 89 54 52 57 71 0 15 
98 8 53 28 1 50 65 4 6 33 13 17 15 0 
